# mock_x mock_y
1.905243e+03 6.394151e+00 5.249601e+00 4.184483e+00 3.204295e+00 2.313367e+00 1.514817e+00 8.105325e-01 2.011710e-01 -3.138238e-01 -7.361835e-01 -1.068761e+00 -1.315457e+00 -1.481135e+00 -1.571521e+00 -1.593089e+00 -1.552943e+00 -1.458686e+00 -1.318289e+00 -1.139956e+00 -9.319887e-01 -7.026539e-01 -4.600586e-01 -2.120288e-01 3.400130e-02 2.710893e-01 4.928726e-01 6.936437e-01 8.684103e-01 1.012942e+00 1.123801e+00 1.198359e+00 1.234798e+00 1.232101e+00
6.394151e+00 1.903166e+03 4.710448e+00 3.929206e+00 3.195193e+00 2.512711e+00 1.885357e+00 1.315976e+00 8.066442e-01 3.586485e-01 -2.751019e-02 -3.521079e-01 -6.161745e-01 -8.214593e-01 -9.703867e-01 -1.066001e+00 -1.111904e+00 -1.112185e+00 -1.071343e+00 -9.942077e-01 -8.858540e-01 -7.515190e-01 -5.965153e-01 -4.261485e-01 -2.456364e-01 -6.003325e-02 1.258406e-01 3.074628e-01 4.806650e-01 6.416808e-01 7.871853e-01 9.143251e-01 1.020739e+00 1.104570e+00
5.249601e+00 4.710448e+00 1.901810e+03 3.656726e+00 3.150685e+00 2.663869e+00 2.199958e+00 1.762310e+00 1.353921e+00 9.773882e-01 6.348805e-01 3.281159e-01 5.834594e-02 -1.736529e-01 -3.675804e-01 -5.236058e-01 -6.423546e-01 -7.248882e-01 -7.726773e-01 -7.875691e-01 -7.717502e-01 -7.277045e-01 -6.581677e-01 -5.660795e-01 -4.545337e-01 -3.267276e-01 -1.859114e-01 -3.533890e-02 1.217802e-01 2.823257e-01 4.433083e-01 6.019082e-01 7.555080e-01 9.017216e-01
4.184483e+00 3.929206e+00 3.656726e+00 1.901002e+03 3.072375e+00 2.767025e+00 2.457424e+00 2.147038e+00 1.839330e+00 1.537704e+00 1.245464e+00 9.657617e-01 7.015551e-01 4.555671e-01 2.302478e-01 2.774314e-02 -1.501326e-01 -3.019181e-01 -4.265204e-01 -5.232243e-01 -5.916953e-01 -6.319768e-01 -6.444810e-01 -6.299739e-01 -5.895557e-01 -5.246354e-01 -4.369020e-01 -3.282914e-01 -2.009510e-01 -5.720119e-02 1.005036e-01 2.696155e-01 4.475335e-01 6.316425e-01
3.204295e+00 3.195193e+00 3.150685e+00 3.072375e+00 1.900594e+03 2.823020e+00 2.657338e+00 2.468502e+00 2.260027e+00 2.035670e+00 1.799370e+00 1.555184e+00 1.307226e+00 1.059605e+00 8.163555e-01 5.813845e-01 3.584071e-01 1.508942e-01 -3.797756e-02 -2.053696e-01 -3.488192e-01 -4.662704e-01 -5.560969e-01 -6.171180e-01 -6.486066e-01 -6.502891e-01 -6.223384e-01 -5.653591e-01 -4.803667e-01 -3.687595e-01 -2.322864e-01 -7.300919e-02 1.067391e-01 3.043983e-01
2.313367e+00 2.512711e+00 2.663869e+00 2.767025e+00 2.823020e+00 1.900465e+03 2.800068e+00 2.725896e+00 2.614034e+00 2.468180e+00 2.292451e+00 2.091322e+00 1.869545e+00 1.632078e+00 1.384002e+00 1.130440e+00 8.764776e-01 6.270819e-01 3.870279e-01 1.608262e-01 -4.734265e-02 -2.336868e-01 -3.948537e-01 -5.279733e-01 -6.306906e-01 -7.011902e-01 -7.382103e-01 -7.410468e-01 -7.095494e-01 -6.441064e-01 -5.456227e-01 -4.154893e-01 -2.555456e-01 -6.803543e-02
1.514817e+00 1.885357e+00 2.199958e+00 2.457424e+00 2.657338e+00 2.800068e+00 1.900518e+03 2.919283e+00 2.900269e+00 2.832991e+00 2.721344e+00 2.569772e+00 2.383193e+00 2.166913e+00 1.926545e+00 1.667912e+00 1.396952e+00 1.119627e+00 8.418274e-01 5.692803e-01 3.074637e-01 6.152609e-02 -1.637873e-01 -3.641993e-01 -5.359567e-01 -6.758752e-01 -7.813741e-01 -8.505001e-01 -8.819395e-01 -8.750189e-01 -8.296964e-01 -7.465409e-01 -6.267033e-01 -4.718778e-01
8.105325e-01 1.315976e+00 1.762310e+00 2.147038e+00 2.468502e+00 2.725896e+00 2.919283e+00 1.900681e+03 3.118552e+00 3.128755e+00 3.083515e+00 2.986854e+00 2.843425e+00 2.658430e+00 2.437536e+00 2.186779e+00 1.912462e+00 1.621056e+00 1.319094e+00 1.013071e+00 7.093385e-01 4.140148e-01 1.328896e-01 -1.286561e-01 -3.657242e-01 -5.739642e-01 -7.496254e-01 -8.895989e-01 -9.914472e-01 -1.053422e+00 -1.074467e+00 -1.054218e+00 -9.929753e-01 -8.916848e-01
2.011710e-01 8.066442e-01 1.353921e+00 1.839330e+00 2.260027e+00 2.614034e+00 2.900269e+00 3.118552e+00 1.900901e+03 3.355033e+00 3.377296e+00 3.339661e+00 3.246140e+00 3.101429e+00 2.910817e+00 2.680106e+00 2.415508e+00 2.123546e+00 1.810945e+00 1.484528e+00 1.151108e+00 8.173813e-01 4.898272e-01 1.746140e-01 -1.224900e-01 -3.961947e-01 -6.417577e-01 -8.550417e-01 -1.032561e+00 -1.171516e+00 -1.269813e+00 -1.326075e+00 -1.339635e+00 -1.310528e+00
-3.138238e-01 3.586485e-01 9.773882e-01 1.537704e+00 2.035670e+00 2.468180e+00 2.832991e+00 3.128755e+00 3.355033e+00 1.901144e+03 3.601904e+00 3.626099e+00 3.587942e+00 3.491266e+00 3.340610e+00 3.141141e+00 2.898566e+00 2.619037e+00 2.309050e+00 1.975342e+00 1.624782e+00 1.264263e+00 9.006006e-01 5.404238e-01 1.900844e-01 -1.444359e-01 -4.576065e-01 -7.444195e-01 -1.000451e+00 -1.221912e+00 -1.405685e+00 -1.549347e+00 -1.651187e+00 -1.710206e+00
-7.361835e-01 -2.751019e-02 6.348805e-01 1.245464e+00 1.799370e+00 2.292451e+00 2.721344e+00 3.083515e+00 3.377296e+00 3.601904e+00 1.901389e+03 3.844921e+00 3.866185e+00 3.823925e+00 3.721608e+00 3.563422e+00 3.354203e+00 3.099355e+00 2.804759e+00 2.476679e+00 2.121662e+00 1.746433e+00 1.357789e+00 9.625005e-01 5.672050e-01 1.783142e-01 -1.980776e-01 -5.562768e-01 -8.910637e-01 -1.197757e+00 -1.472268e+00 -1.711142e+00 -1.911585e+00 -2.071490e+00
-1.068761e+00 -3.521079e-01 3.281159e-01 9.657617e-01 1.555184e+00 2.091322e+00 2.569772e+00 2.986854e+00 3.339661e+00 3.626099e+00 3.844921e+00 1.901627e+03 4.079016e+00 4.096074e+00 4.049052e+00 3.940872e+00 3.775190e+00 3.556333e+00 3.289227e+00 2.979316e+00 2.632473e+00 2.254910e+00 1.853077e+00 1.433563e+00 1.002998e+00 5.679520e-01 1.348421e-01 -2.901588e-01 -7.012060e-01 -1.092859e+00 -1.460150e+00 -1.798642e+00 -2.104472e+00 -2.374394e+00
-1.315457e+00 -6.161745e-01 5.834594e-02 7.015551e-01 1.307226e+00 1.869545e+00 2.383193e+00 2.843425e+00 3.246140e+00 3.587942e+00 3.866185e+00 4.079016e+00 1.901857e+03 4.305121e+00 4.318809e+00 4.267898e+00 4.154616e+00 3.981942e+00 3.753554e+00 3.473774e+00 3.147494e+00 2.780095e+00 2.377368e+00 1.945421e+00 1.490582e+00 1.019309e+00 5.380912e-01 5.335611e-02 -4.286217e-01 -9.018059e-01 -1.360478e+00 -1.799311e+00 -2.213431e+00 -2.598473e+00
-1.481135e+00 -8.214593e-01 -1.736529e-01 4.555671e-01 1.059605e+00 1.632078e+00 2.166913e+00 2.658430e+00 3.101429e+00 3.491266e+00 3.823925e+00 4.096074e+00 4.305121e+00 1.902081e+03 4.527430e+00 4.539475e+00 4.485994e+00 4.368409e+00 4.188920e+00 3.950472e+00 3.656709e+00 3.311908e+00 2.920919e+00 2.489084e+00 2.022156e+00 1.526212e+00 1.007558e+00 4.726405e-01 -7.205087e-02 -6.200736e-01 -1.165122e+00 -1.701110e+00 -2.222254e+00 -2.723138e+00
-1.571521e+00 -9.703867e-01 -3.675804e-01 2.302478e-01 8.163555e-01 1.384002e+00 1.926545e+00 2.437536e+00 2.910817e+00 3.340610e+00 3.721608e+00 4.049052e+00 4.318809e+00 4.527430e+00 1.902304e+03 4.751226e+00 4.763366e+00 4.708348e+00 4.586724e+00 4.399870e+00 4.149962e+00 3.839944e+00 3.473480e+00 3.054895e+00 2.589108e+00 2.081559e+00 1.538122e+00 9.650180e-01 3.687235e-01 -2.441249e-01 -8.668251e-01 -1.492703e+00 -2.115206e+00 -2.727983e+00
-1.593089e+00 -1.066001e+00 -5.236058e-01 2.774314e-02 5.813845e-01 1.130440e+00 1.667912e+00 2.186779e+00 2.680106e+00 3.141141e+00 3.563422e+00 3.940872e+00 4.267898e+00 4.539475e+00 4.751226e+00 1.902531e+03 4.981396e+00 4.994874e+00 4.938724e+00 4.812620e+00 4.617115e+00 4.353635e+00 4.024457e+00 3.632672e+00 3.182138e+00 2.677419e+00 2.123715e+00 1.526781e+00 8.928446e-01 2.285066e-01 -4.593509e-01 -1.163667e+00 -1.877300e+00 -2.593129e+00
-1.552943e+00 -1.111904e+00 -6.423546e-01 -1.501326e-01 3.584071e-01 8.764776e-01 1.396952e+00 1.912462e+00 2.415508e+00 2.898566e+00 3.354203e+00 3.775190e+00 4.154616e+00 4.485994e+00 4.763366e+00 4.981396e+00 1.902767e+03 5.221715e+00 5.237168e+00 5.179721e+00 5.048207e+00 4.842410e+00 4.563066e+00 4.211860e+00 3.791390e+00 3.305135e+00 2.757394e+00 2.153226e+00 1.498367e+00 7.991468e-01 6.238937e-02 -7.046847e-01 -1.494566e+00 -2.299562e+00
-1.458686e+00 -1.112185e+00 -7.248882e-01 -3.019181e-01 1.508942e-01 6.270819e-01 1.119627e+00 1.621056e+00 2.123546e+00 2.619037e+00 3.099355e+00 3.556333e+00 3.981942e+00 4.368409e+00 4.708348e+00 4.994874e+00 5.221715e+00 1.903015e+03 5.474917e+00 5.492659e+00 5.433618e+00 5.295867e+00 5.078510e+00 4.781692e+00 4.406601e+00 3.955449e+00 3.431435e+00 2.838702e+00 2.182262e+00 1.467928e+00 7.022192e-01 -1.077353e-01 -9.543051e-01 -1.829471e+00
-1.318289e+00 -1.071343e+00 -7.726773e-01 -4.265204e-01 -3.797756e-02 3.870279e-01 8.418274e-01 1.319094e+00 1.810945e+00 2.309050e+00 2.804759e+00 3.289227e+00 3.753554e+00 4.188920e+00 4.586724e+00 4.938724e+00 5.237168e+00 5.474917e+00 1.903277e+03 5.743547e+00 5.764216e+00 5.703938e+00 5.560140e+00 5.331356e+00 5.017255e+00 4.618639e+00 4.137439e+00 3.576679e+00 2.940432e+00 2.233752e+00 1.462598e+00 6.337409e-01 -2.453418e-01 -1.166577e+00
-1.139956e+00 -9.942077e-01 -7.875691e-01 -5.232243e-01 -2.053696e-01 1.608262e-01 5.692803e-01 1.013071e+00 1.484528e+00 1.975342e+00 2.476679e+00 2.979316e+00 3.473774e+00 3.950472e+00 4.399870e+00 4.812620e+00 5.179721e+00 5.492659e+00 5.743547e+00 1.903557e+03 6.031515e+00 6.057049e+00 5.997631e+00 5.850166e+00 5.612742e+00 5.284660e+00 4.866444e+00 4.359833e+00 3.767755e+00 3.094278e+00 2.344544e+00 1.524691e+00 6.417529e-01 -2.964447e-01
-9.319887e-01 -8.858540e-01 -7.717502e-01 -5.916953e-01 -3.488192e-01 -4.734265e-02 3.074637e-01 7.093385e-01 1.151108e+00 1.624782e+00 2.121662e+00 2.632473e+00 3.147494e+00 3.656709e+00 4.149962e+00 4.617115e+00 5.048207e+00 5.433618e+00 5.764216e+00 6.031515e+00 1.903860e+03 6.346277e+00 6.381144e+00 6.327726e+00 6.182527e+00 5.943296e+00 5.609059e+00 5.180136e+00 4.658134e+00 4.045920e+00 3.347573e+00 2.568321e+00 1.714454e+00 7.932249e-01
-7.026539e-01 -7.515190e-01 -7.277045e-01 -6.319768e-01 -4.662704e-01 -2.336868e-01 6.152609e-02 4.140148e-01 8.173813e-01 1.264263e+00 1.746433e+00 2.254910e+00 2.780095e+00 3.311908e+00 3.839944e+00 4.353635e+00 4.842410e+00 5.295867e+00 5.703938e+00 6.057049e+00 6.346277e+00 1.904195e+03 6.701483e+00 6.754095e+00 6.716303e+00 6.584309e+00 6.355595e+00 6.028967e+00 5.604567e+00 5.083872e+00 4.469667e+00 3.765998e+00 2.978104e+00 2.112334e+00
-4.600586e-01 -5.965153e-01 -6.581677e-01 -6.444810e-01 -5.560969e-01 -3.948537e-01 -1.637873e-01 1.328896e-01 4.898272e-01 9.006006e-01 1.357789e+00 1.853077e+00 2.377368e+00 2.920919e+00 3.473480e+00 4.024457e+00 4.563066e+00 5.078510e+00 5.560140e+00 5.997631e+00 6.381144e+00 6.701483e+00 1.904582e+03 7.119949e+00 7.204163e+00 7.197602e+00 7.096211e+00 6.897230e+00 6.599234e+00 6.202150e+00 5.707260e+00 5.117169e+00 4.435767e+00 3.668154e+00
-2.120288e-01 -4.261485e-01 -5.660795e-01 -6.299739e-01 -6.171180e-01 -5.279733e-01 -3.641993e-01 -1.286561e-01 1.746140e-01 5.404238e-01 9.625005e-01 1.433563e+00 1.945421e+00 2.489084e+00 3.054895e+00 3.632672e+00 4.211860e+00 4.781692e+00 5.331356e+00 5.850166e+00 6.327726e+00 6.754095e+00 7.119949e+00 1.905048e+03 7.636744e+00 7.773364e+00 7.821052e+00 7.775480e+00 7.633594e+00 7.393653e+00 7.055251e+00 6.619321e+00 6.088109e+00 5.465135e+00
3.400130e-02 -2.456364e-01 -4.545337e-01 -5.895557e-01 -6.486066e-01 -6.306906e-01 -5.359567e-01 -3.657242e-01 -1.224900e-01 1.900844e-01 5.672050e-01 1.002998e+00 1.490582e+00 2.022156e+00 2.589108e+00 3.182138e+00 3.791390e+00 4.406601e+00 5.017255e+00 5.612742e+00 6.182527e+00 6.716303e+00 7.204163e+00 7.636744e+00 1.905637e+03 8.302227e+00 8.520398e+00 8.654055e+00 8.698499e+00 8.650240e+00 8.507044e+00 8.267961e+00 7.933326e+00 7.504754e+00
2.710893e-01 -6.003325e-02 -3.267276e-01 -5.246354e-01 -6.502891e-01 -7.011902e-01 -6.758752e-01 -5.739642e-01 -3.961947e-01 -1.444359e-01 1.783142e-01 5.679520e-01 1.019309e+00 1.526212e+00 2.081559e+00 2.677419e+00 3.305135e+00 3.955449e+00 4.618639e+00 5.284660e+00 5.943296e+00 6.584309e+00 7.197602e+00 7.773364e+00 8.302227e+00 1.906407e+03 9.184809e+00 9.523212e+00 9.784308e+00 9.962827e+00 1.005460e+01 1.005663e+01 9.967098e+00 9.785404e+00
4.928726e-01 1.258406e-01 -1.859114e-01 -4.369020e-01 -6.223384e-01 -7.382103e-01 -7.813741e-01 -7.496254e-01 -6.417577e-01 -4.576065e-01 -1.980776e-01 1.348421e-01 5.380912e-01 1.007558e+00 1.538122e+00 2.123715e+00 2.757394e+00 3.431435e+00 4.137439e+00 4.866444e+00 5.609059e+00 6.355595e+00 7.096211e+00 7.821052e+00 8.520398e+00 9.184809e+00 1.907437e+03 1.037327e+01 1.088102e+01 1.132150e+01 1.168854e+01 1.197696e+01 1.218259e+01 1.230234e+01
6.936437e-01 3.074628e-01 -3.533890e-02 -3.282914e-01 -5.653591e-01 -7.410468e-01 -8.505001e-01 -8.895989e-01 -8.550417e-01 -7.444195e-01 -5.562768e-01 -2.901588e-01 5.335611e-02 4.726405e-01 9.650180e-01 1.526781e+00 2.153226e+00 2.838702e+00 3.576679e+00 4.359833e+00 5.180136e+00 6.028967e+00 6.897230e+00 7.775480e+00 8.654055e+00 9.523212e+00 1.037327e+01 1.908826e+03 1.197841e+01 1.271563e+01 1.339822e+01 1.401873e+01 1.457048e+01 1.504766e+01
8.684103e-01 4.806650e-01 1.217802e-01 -2.009510e-01 -4.803667e-01 -7.095494e-01 -8.819395e-01 -9.914472e-01 -1.032561e+00 -1.000451e+00 -8.910637e-01 -7.012060e-01 -4.286217e-01 -7.205087e-02 3.687235e-01 8.928446e-01 1.498367e+00 2.182262e+00 2.940432e+00 3.767755e+00 4.658134e+00 5.604567e+00 6.599234e+00 7.633594e+00 8.698499e+00 9.784308e+00 1.088102e+01 1.197841e+01 1.910698e+03 1.413401e+01 1.517188e+01 1.617000e+01 1.711907e+01 1.801034e+01
1.012942e+00 6.416808e-01 2.823257e-01 -5.720119e-02 -3.687595e-01 -6.441064e-01 -8.750189e-01 -1.053422e+00 -1.171516e+00 -1.221912e+00 -1.197757e+00 -1.092859e+00 -9.018059e-01 -6.200736e-01 -2.441249e-01 2.285066e-01 7.991468e-01 1.467928e+00 2.233752e+00 3.094278e+00 4.045920e+00 5.083872e+00 6.202150e+00 7.393653e+00 8.650240e+00 9.962827e+00 1.132150e+01 1.271563e+01 1.413401e+01 1.913197e+03 1.699677e+01 1.841721e+01 1.981434e+01 2.117634e+01
1.123801e+00 7.871853e-01 4.433083e-01 1.005036e-01 -2.322864e-01 -5.456227e-01 -8.296964e-01 -1.074467e+00 -1.269813e+00 -1.405685e+00 -1.472268e+00 -1.460150e+00 -1.360478e+00 -1.165122e+00 -8.668251e-01 -4.593509e-01 6.238937e-02 7.022192e-01 1.462598e+00 2.344544e+00 3.347573e+00 4.469667e+00 5.707260e+00 7.055251e+00 8.507044e+00 1.005460e+01 1.168854e+01 1.339822e+01 1.517188e+01 1.699677e+01 1.916491e+03 2.074536e+01 2.264015e+01 2.452872e+01
1.198359e+00 9.143251e-01 6.019082e-01 2.696155e-01 -7.300919e-02 -4.154893e-01 -7.465409e-01 -1.054218e+00 -1.326075e+00 -1.549347e+00 -1.711142e+00 -1.798642e+00 -1.799311e+00 -1.701110e+00 -1.492703e+00 -1.163667e+00 -7.046847e-01 -1.077353e-01 6.337409e-01 1.524691e+00 2.568321e+00 3.765998e+00 5.117169e+00 6.619321e+00 8.267961e+00 1.005663e+01 1.197696e+01 1.401873e+01 1.617000e+01 1.841721e+01 2.074536e+01 1.920770e+03 2.557842e+01 2.804783e+01
1.234798e+00 1.020739e+00 7.555080e-01 4.475335e-01 1.067391e-01 -2.555456e-01 -6.267033e-01 -9.929753e-01 -1.339635e+00 -1.651187e+00 -1.911585e+00 -2.104472e+00 -2.213431e+00 -2.222254e+00 -2.115206e+00 -1.877300e+00 -1.494566e+00 -9.543051e-01 -2.453418e-01 6.417529e-01 1.714454e+00 2.978104e+00 4.435767e+00 6.088109e+00 7.933326e+00 9.967098e+00 1.218259e+01 1.457048e+01 1.711907e+01 1.981434e+01 2.264015e+01 2.557842e+01 1.926241e+03 3.171152e+01
1.232101e+00 1.104570e+00 9.017216e-01 6.316425e-01 3.043983e-01 -6.803543e-02 -4.718778e-01 -8.916848e-01 -1.310528e+00 -1.710206e+00 -2.071490e+00 -2.374394e+00 -2.598473e+00 -2.723138e+00 -2.727983e+00 -2.593129e+00 -2.299562e+00 -1.829471e+00 -1.166577e+00 -2.964447e-01 7.932249e-01 2.112334e+00 3.668154e+00 5.465135e+00 7.504754e+00 9.785404e+00 1.230234e+01 1.504766e+01 1.801034e+01 2.117634e+01 2.452872e+01 2.804783e+01 3.171152e+01 1.933127e+03
