# mock_x mock_y
3.841600e+02 0.000000e+00 0.000000e+00 0.000000e+00 0.000000e+00 0.000000e+00 0.000000e+00 0.000000e+00 0.000000e+00 0.000000e+00 0.000000e+00 0.000000e+00 0.000000e+00 0.000000e+00 0.000000e+00 0.000000e+00 0.000000e+00 0.000000e+00 0.000000e+00 0.000000e+00 0.000000e+00 0.000000e+00 0.000000e+00 0.000000e+00 0.000000e+00 0.000000e+00 0.000000e+00 0.000000e+00 0.000000e+00 0.000000e+00 0.000000e+00 0.000000e+00 0.000000e+00 0.000000e+00
0.000000e+00 1.440000e+02 0.000000e+00 0.000000e+00 0.000000e+00 0.000000e+00 0.000000e+00 0.000000e+00 0.000000e+00 0.000000e+00 0.000000e+00 0.000000e+00 0.000000e+00 0.000000e+00 0.000000e+00 0.000000e+00 0.000000e+00 0.000000e+00 0.000000e+00 0.000000e+00 0.000000e+00 0.000000e+00 0.000000e+00 0.000000e+00 0.000000e+00 0.000000e+00 0.000000e+00 0.000000e+00 0.000000e+00 0.000000e+00 0.000000e+00 0.000000e+00 0.000000e+00 0.000000e+00
0.000000e+00 0.000000e+00 6.864400e+02 0.000000e+00 0.000000e+00 0.000000e+00 0.000000e+00 0.000000e+00 0.000000e+00 0.000000e+00 0.000000e+00 0.000000e+00 0.000000e+00 0.000000e+00 0.000000e+00 0.000000e+00 0.000000e+00 0.000000e+00 0.000000e+00 0.000000e+00 0.000000e+00 0.000000e+00 0.000000e+00 0.000000e+00 0.000000e+00 0.000000e+00 0.000000e+00 0.000000e+00 0.000000e+00 0.000000e+00 0.000000e+00 0.000000e+00 0.000000e+00 0.000000e+00
0.000000e+00 0.000000e+00 0.000000e+00 6.400000e+01 0.000000e+00 0.000000e+00 0.000000e+00 0.000000e+00 0.000000e+00 0.000000e+00 0.000000e+00 0.000000e+00 0.000000e+00 0.000000e+00 0.000000e+00 0.000000e+00 0.000000e+00 0.000000e+00 0.000000e+00 0.000000e+00 0.000000e+00 0.000000e+00 0.000000e+00 0.000000e+00 0.000000e+00 0.000000e+00 0.000000e+00 0.000000e+00 0.000000e+00 0.000000e+00 0.000000e+00 0.000000e+00 0.000000e+00 0.000000e+00
0.000000e+00 0.000000e+00 0.000000e+00 0.000000e+00 3.097980e+01 1.649812e+01 0.000000e+00 0.000000e+00 0.000000e+00 1.821924e+01 1.854700e+01 0.000000e+00 1.820585e+01 2.196674e+01 2.279065e+01 0.000000e+00 1.944645e+01 0.000000e+00 2.595947e+01 2.111755e+01 0.000000e+00 2.151369e+01 0.000000e+00 1.436246e+01 0.000000e+00 0.000000e+00 2.126865e+01 0.000000e+00 0.000000e+00 1.525339e+01 0.000000e+00 0.000000e+00 0.000000e+00 1.778472e+01
0.000000e+00 0.000000e+00 0.000000e+00 0.000000e+00 1.649812e+01 4.052046e+01 0.000000e+00 0.000000e+00 0.000000e+00 1.823140e+01 1.855938e+01 0.000000e+00 1.821800e+01 2.198140e+01 2.280586e+01 0.000000e+00 1.945943e+01 0.000000e+00 2.597679e+01 2.113164e+01 0.000000e+00 2.152805e+01 0.000000e+00 1.437204e+01 0.000000e+00 0.000000e+00 2.128285e+01 0.000000e+00 0.000000e+00 1.526357e+01 0.000000e+00 0.000000e+00 0.000000e+00 1.779659e+01
0.000000e+00 0.000000e+00 0.000000e+00 0.000000e+00 0.000000e+00 0.000000e+00 8.761600e+02 0.000000e+00 0.000000e+00 0.000000e+00 0.000000e+00 0.000000e+00 0.000000e+00 0.000000e+00 0.000000e+00 0.000000e+00 0.000000e+00 0.000000e+00 0.000000e+00 0.000000e+00 0.000000e+00 0.000000e+00 0.000000e+00 0.000000e+00 0.000000e+00 0.000000e+00 0.000000e+00 0.000000e+00 0.000000e+00 0.000000e+00 0.000000e+00 0.000000e+00 0.000000e+00 0.000000e+00
0.000000e+00 0.000000e+00 0.000000e+00 0.000000e+00 0.000000e+00 0.000000e+00 0.000000e+00 1.960000e+02 0.000000e+00 0.000000e+00 0.000000e+00 0.000000e+00 0.000000e+00 0.000000e+00 0.000000e+00 0.000000e+00 0.000000e+00 0.000000e+00 0.000000e+00 0.000000e+00 0.000000e+00 0.000000e+00 0.000000e+00 0.000000e+00 0.000000e+00 0.000000e+00 0.000000e+00 0.000000e+00 0.000000e+00 0.000000e+00 0.000000e+00 0.000000e+00 0.000000e+00 0.000000e+00
0.000000e+00 0.000000e+00 0.000000e+00 0.000000e+00 0.000000e+00 0.000000e+00 0.000000e+00 0.000000e+00 1.339560e+03 0.000000e+00 0.000000e+00 0.000000e+00 0.000000e+00 0.000000e+00 0.000000e+00 0.000000e+00 0.000000e+00 0.000000e+00 0.000000e+00 0.000000e+00 0.000000e+00 0.000000e+00 0.000000e+00 0.000000e+00 0.000000e+00 0.000000e+00 0.000000e+00 0.000000e+00 0.000000e+00 0.000000e+00 0.000000e+00 0.000000e+00 0.000000e+00 0.000000e+00
0.000000e+00 0.000000e+00 0.000000e+00 0.000000e+00 1.821924e+01 1.823140e+01 0.000000e+00 0.000000e+00 0.000000e+00 2.146920e+02 2.049554e+01 0.000000e+00 2.011855e+01 2.427455e+01 2.518502e+01 0.000000e+00 2.148948e+01 0.000000e+00 2.868675e+01 2.333615e+01 0.000000e+00 2.377391e+01 0.000000e+00 1.587137e+01 0.000000e+00 0.000000e+00 2.350312e+01 0.000000e+00 0.000000e+00 1.685590e+01 0.000000e+00 0.000000e+00 0.000000e+00 1.965317e+01
0.000000e+00 0.000000e+00 0.000000e+00 0.000000e+00 1.854700e+01 1.855938e+01 0.000000e+00 0.000000e+00 0.000000e+00 2.049554e+01 2.041959e+02 0.000000e+00 2.048064e+01 2.471161e+01 2.563843e+01 0.000000e+00 2.187641e+01 0.000000e+00 2.920399e+01 2.375608e+01 0.000000e+00 2.420152e+01 0.000000e+00 1.615520e+01 0.000000e+00 0.000000e+00 2.392633e+01 0.000000e+00 0.000000e+00 1.715924e+01 0.000000e+00 0.000000e+00 0.000000e+00 2.000677e+01
0.000000e+00 0.000000e+00 0.000000e+00 0.000000e+00 0.000000e+00 0.000000e+00 0.000000e+00 0.000000e+00 0.000000e+00 0.000000e+00 0.000000e+00 2.890000e+02 0.000000e+00 0.000000e+00 0.000000e+00 0.000000e+00 0.000000e+00 0.000000e+00 0.000000e+00 0.000000e+00 0.000000e+00 0.000000e+00 0.000000e+00 0.000000e+00 0.000000e+00 0.000000e+00 0.000000e+00 0.000000e+00 0.000000e+00 0.000000e+00 0.000000e+00 0.000000e+00 0.000000e+00 0.000000e+00
0.000000e+00 0.000000e+00 0.000000e+00 0.000000e+00 1.820585e+01 1.821800e+01 0.000000e+00 0.000000e+00 0.000000e+00 2.011855e+01 2.048064e+01 0.000000e+00 1.237369e+02 2.425834e+01 2.516801e+01 0.000000e+00 2.147519e+01 0.000000e+00 2.867093e+01 2.331955e+01 0.000000e+00 2.375607e+01 0.000000e+00 1.585205e+01 0.000000e+00 0.000000e+00 2.348761e+01 0.000000e+00 0.000000e+00 1.684400e+01 0.000000e+00 0.000000e+00 0.000000e+00 1.963891e+01
0.000000e+00 0.000000e+00 0.000000e+00 0.000000e+00 2.196674e+01 2.198140e+01 0.000000e+00 0.000000e+00 0.000000e+00 2.427455e+01 2.471161e+01 0.000000e+00 2.425834e+01 1.556088e+02 3.036863e+01 0.000000e+00 2.591297e+01 0.000000e+00 3.459894e+01 2.813736e+01 0.000000e+00 2.866313e+01 0.000000e+00 1.911900e+01 0.000000e+00 0.000000e+00 2.834137e+01 0.000000e+00 0.000000e+00 2.032405e+01 0.000000e+00 0.000000e+00 0.000000e+00 2.369602e+01
0.000000e+00 0.000000e+00 0.000000e+00 0.000000e+00 2.279065e+01 2.280586e+01 0.000000e+00 0.000000e+00 0.000000e+00 2.518502e+01 2.563843e+01 0.000000e+00 2.516801e+01 3.036863e+01 1.979173e+02 0.000000e+00 2.688451e+01 0.000000e+00 3.589531e+01 2.919258e+01 0.000000e+00 2.973829e+01 0.000000e+00 1.983804e+01 0.000000e+00 0.000000e+00 2.940393e+01 0.000000e+00 0.000000e+00 2.108622e+01 0.000000e+00 0.000000e+00 0.000000e+00 2.458475e+01
0.000000e+00 0.000000e+00 0.000000e+00 0.000000e+00 0.000000e+00 0.000000e+00 0.000000e+00 0.000000e+00 0.000000e+00 0.000000e+00 0.000000e+00 0.000000e+00 0.000000e+00 0.000000e+00 0.000000e+00 1.156000e+03 0.000000e+00 0.000000e+00 0.000000e+00 0.000000e+00 0.000000e+00 0.000000e+00 0.000000e+00 0.000000e+00 0.000000e+00 0.000000e+00 0.000000e+00 0.000000e+00 0.000000e+00 0.000000e+00 0.000000e+00 0.000000e+00 0.000000e+00 0.000000e+00
0.000000e+00 0.000000e+00 0.000000e+00 0.000000e+00 1.944645e+01 1.945943e+01 0.000000e+00 0.000000e+00 0.000000e+00 2.148948e+01 2.187641e+01 0.000000e+00 2.147519e+01 2.591297e+01 2.688451e+01 0.000000e+00 1.047340e+02 0.000000e+00 3.062980e+01 2.490916e+01 0.000000e+00 2.537452e+01 0.000000e+00 1.692475e+01 0.000000e+00 0.000000e+00 2.508987e+01 0.000000e+00 0.000000e+00 1.799227e+01 0.000000e+00 0.000000e+00 0.000000e+00 2.097734e+01
0.000000e+00 0.000000e+00 0.000000e+00 0.000000e+00 0.000000e+00 0.000000e+00 0.000000e+00 0.000000e+00 0.000000e+00 0.000000e+00 0.000000e+00 0.000000e+00 0.000000e+00 0.000000e+00 0.000000e+00 0.000000e+00 0.000000e+00 3.600000e+03 0.000000e+00 0.000000e+00 0.000000e+00 0.000000e+00 0.000000e+00 0.000000e+00 0.000000e+00 0.000000e+00 0.000000e+00 0.000000e+00 0.000000e+00 0.000000e+00 0.000000e+00 0.000000e+00 0.000000e+00 0.000000e+00
0.000000e+00 0.000000e+00 0.000000e+00 0.000000e+00 2.595947e+01 2.597679e+01 0.000000e+00 0.000000e+00 0.000000e+00 2.868675e+01 2.920399e+01 0.000000e+00 2.867093e+01 3.459894e+01 3.589531e+01 0.000000e+00 3.062980e+01 0.000000e+00 1.970996e+02 3.325420e+01 0.000000e+00 3.387135e+01 0.000000e+00 2.255946e+01 0.000000e+00 0.000000e+00 3.350079e+01 0.000000e+00 0.000000e+00 2.402041e+01 0.000000e+00 0.000000e+00 0.000000e+00 2.800391e+01
0.000000e+00 0.000000e+00 0.000000e+00 0.000000e+00 2.111755e+01 2.113164e+01 0.000000e+00 0.000000e+00 0.000000e+00 2.333615e+01 2.375608e+01 0.000000e+00 2.331955e+01 2.813736e+01 2.919258e+01 0.000000e+00 2.490916e+01 0.000000e+00 3.325420e+01 9.044027e+01 0.000000e+00 2.755557e+01 0.000000e+00 1.839039e+01 0.000000e+00 0.000000e+00 2.724332e+01 0.000000e+00 0.000000e+00 1.953769e+01 0.000000e+00 0.000000e+00 0.000000e+00 2.277973e+01
0.000000e+00 0.000000e+00 0.000000e+00 0.000000e+00 0.000000e+00 0.000000e+00 0.000000e+00 0.000000e+00 0.000000e+00 0.000000e+00 0.000000e+00 0.000000e+00 0.000000e+00 0.000000e+00 0.000000e+00 0.000000e+00 0.000000e+00 0.000000e+00 0.000000e+00 0.000000e+00 1.128960e+03 0.000000e+00 0.000000e+00 0.000000e+00 0.000000e+00 0.000000e+00 0.000000e+00 0.000000e+00 0.000000e+00 0.000000e+00 0.000000e+00 0.000000e+00 0.000000e+00 0.000000e+00
0.000000e+00 0.000000e+00 0.000000e+00 0.000000e+00 2.151369e+01 2.152805e+01 0.000000e+00 0.000000e+00 0.000000e+00 2.377391e+01 2.420152e+01 0.000000e+00 2.375607e+01 2.866313e+01 2.973829e+01 0.000000e+00 2.537452e+01 0.000000e+00 3.387135e+01 2.755557e+01 0.000000e+00 1.767946e+02 0.000000e+00 1.874507e+01 0.000000e+00 0.000000e+00 2.775213e+01 0.000000e+00 0.000000e+00 1.990358e+01 0.000000e+00 0.000000e+00 0.000000e+00 2.320682e+01
0.000000e+00 0.000000e+00 0.000000e+00 0.000000e+00 0.000000e+00 0.000000e+00 0.000000e+00 0.000000e+00 0.000000e+00 0.000000e+00 0.000000e+00 0.000000e+00 0.000000e+00 0.000000e+00 0.000000e+00 0.000000e+00 0.000000e+00 0.000000e+00 0.000000e+00 0.000000e+00 0.000000e+00 0.000000e+00 8.122500e+02 0.000000e+00 0.000000e+00 0.000000e+00 0.000000e+00 0.000000e+00 0.000000e+00 0.000000e+00 0.000000e+00 0.000000e+00 0.000000e+00 0.000000e+00
0.000000e+00 0.000000e+00 0.000000e+00 0.000000e+00 1.436246e+01 1.437204e+01 0.000000e+00 0.000000e+00 0.000000e+00 1.587137e+01 1.615520e+01 0.000000e+00 1.585205e+01 1.911900e+01 1.983804e+01 0.000000e+00 1.692475e+01 0.000000e+00 2.255946e+01 1.839039e+01 0.000000e+00 1.874507e+01 0.000000e+00 2.915095e+02 0.000000e+00 0.000000e+00 1.850940e+01 0.000000e+00 0.000000e+00 1.328265e+01 0.000000e+00 0.000000e+00 0.000000e+00 1.549092e+01
0.000000e+00 0.000000e+00 0.000000e+00 0.000000e+00 0.000000e+00 0.000000e+00 0.000000e+00 0.000000e+00 0.000000e+00 0.000000e+00 0.000000e+00 0.000000e+00 0.000000e+00 0.000000e+00 0.000000e+00 0.000000e+00 0.000000e+00 0.000000e+00 0.000000e+00 0.000000e+00 0.000000e+00 0.000000e+00 0.000000e+00 0.000000e+00 1.600000e+03 0.000000e+00 0.000000e+00 0.000000e+00 0.000000e+00 0.000000e+00 0.000000e+00 0.000000e+00 0.000000e+00 0.000000e+00
0.000000e+00 0.000000e+00 0.000000e+00 0.000000e+00 0.000000e+00 0.000000e+00 0.000000e+00 0.000000e+00 0.000000e+00 0.000000e+00 0.000000e+00 0.000000e+00 0.000000e+00 0.000000e+00 0.000000e+00 0.000000e+00 0.000000e+00 0.000000e+00 0.000000e+00 0.000000e+00 0.000000e+00 0.000000e+00 0.000000e+00 0.000000e+00 0.000000e+00 5.290000e+02 0.000000e+00 0.000000e+00 0.000000e+00 0.000000e+00 0.000000e+00 0.000000e+00 0.000000e+00 0.000000e+00
0.000000e+00 0.000000e+00 0.000000e+00 0.000000e+00 2.126865e+01 2.128285e+01 0.000000e+00 0.000000e+00 0.000000e+00 2.350312e+01 2.392633e+01 0.000000e+00 2.348761e+01 2.834137e+01 2.940393e+01 0.000000e+00 2.508987e+01 0.000000e+00 3.350079e+01 2.724332e+01 0.000000e+00 2.775213e+01 0.000000e+00 1.850940e+01 0.000000e+00 0.000000e+00 4.144917e+02 0.000000e+00 0.000000e+00 1.967829e+01 0.000000e+00 0.000000e+00 0.000000e+00 2.294302e+01
0.000000e+00 0.000000e+00 0.000000e+00 0.000000e+00 0.000000e+00 0.000000e+00 0.000000e+00 0.000000e+00 0.000000e+00 0.000000e+00 0.000000e+00 0.000000e+00 0.000000e+00 0.000000e+00 0.000000e+00 0.000000e+00 0.000000e+00 0.000000e+00 0.000000e+00 0.000000e+00 0.000000e+00 0.000000e+00 0.000000e+00 0.000000e+00 0.000000e+00 0.000000e+00 0.000000e+00 4.225000e+03 0.000000e+00 0.000000e+00 0.000000e+00 0.000000e+00 0.000000e+00 0.000000e+00
0.000000e+00 0.000000e+00 0.000000e+00 0.000000e+00 0.000000e+00 0.000000e+00 0.000000e+00 0.000000e+00 0.000000e+00 0.000000e+00 0.000000e+00 0.000000e+00 0.000000e+00 0.000000e+00 0.000000e+00 0.000000e+00 0.000000e+00 0.000000e+00 0.000000e+00 0.000000e+00 0.000000e+00 0.000000e+00 0.000000e+00 0.000000e+00 0.000000e+00 0.000000e+00 0.000000e+00 0.000000e+00 2.890000e+02 0.000000e+00 0.000000e+00 0.000000e+00 0.000000e+00 0.000000e+00
0.000000e+00 0.000000e+00 0.000000e+00 0.000000e+00 1.525339e+01 1.526357e+01 0.000000e+00 0.000000e+00 0.000000e+00 1.685590e+01 1.715924e+01 0.000000e+00 1.684400e+01 2.032405e+01 2.108622e+01 0.000000e+00 1.799227e+01 0.000000e+00 2.402041e+01 1.953769e+01 0.000000e+00 1.990358e+01 0.000000e+00 1.328265e+01 0.000000e+00 0.000000e+00 1.967829e+01 0.000000e+00 0.000000e+00 1.078829e+03 0.000000e+00 0.000000e+00 0.000000e+00 1.645401e+01
0.000000e+00 0.000000e+00 0.000000e+00 0.000000e+00 0.000000e+00 0.000000e+00 0.000000e+00 0.000000e+00 0.000000e+00 0.000000e+00 0.000000e+00 0.000000e+00 0.000000e+00 0.000000e+00 0.000000e+00 0.000000e+00 0.000000e+00 0.000000e+00 0.000000e+00 0.000000e+00 0.000000e+00 0.000000e+00 0.000000e+00 0.000000e+00 0.000000e+00 0.000000e+00 0.000000e+00 0.000000e+00 0.000000e+00 0.000000e+00 3.240000e+02 0.000000e+00 0.000000e+00 0.000000e+00
0.000000e+00 0.000000e+00 0.000000e+00 0.000000e+00 0.000000e+00 0.000000e+00 0.000000e+00 0.000000e+00 0.000000e+00 0.000000e+00 0.000000e+00 0.000000e+00 0.000000e+00 0.000000e+00 0.000000e+00 0.000000e+00 0.000000e+00 0.000000e+00 0.000000e+00 0.000000e+00 0.000000e+00 0.000000e+00 0.000000e+00 0.000000e+00 0.000000e+00 0.000000e+00 0.000000e+00 0.000000e+00 0.000000e+00 0.000000e+00 0.000000e+00 1.960000e+02 0.000000e+00 0.000000e+00
0.000000e+00 0.000000e+00 0.000000e+00 0.000000e+00 0.000000e+00 0.000000e+00 0.000000e+00 0.000000e+00 0.000000e+00 0.000000e+00 0.000000e+00 0.000000e+00 0.000000e+00 0.000000e+00 0.000000e+00 0.000000e+00 0.000000e+00 0.000000e+00 0.000000e+00 0.000000e+00 0.000000e+00 0.000000e+00 0.000000e+00 0.000000e+00 0.000000e+00 0.000000e+00 0.000000e+00 0.000000e+00 0.000000e+00 0.000000e+00 0.000000e+00 0.000000e+00 1.600000e+03 0.000000e+00
0.000000e+00 0.000000e+00 0.000000e+00 0.000000e+00 1.778472e+01 1.779659e+01 0.000000e+00 0.000000e+00 0.000000e+00 1.965317e+01 2.000677e+01 0.000000e+00 1.963891e+01 2.369602e+01 2.458475e+01 0.000000e+00 2.097734e+01 0.000000e+00 2.800391e+01 2.277973e+01 0.000000e+00 2.320682e+01 0.000000e+00 1.549092e+01 0.000000e+00 0.000000e+00 2.294302e+01 0.000000e+00 0.000000e+00 1.645401e+01 0.000000e+00 0.000000e+00 0.000000e+00 2.477361e+03
